6030016 6161348 3424378 3331007 3933799 3097187 5970289 3922413 2978023 4408907 9698983 2430343 6830375 5858441 2594912 2170015 9011272 6545977 6952180 3463604 6013232 3419322 5320077 5200777 5489711 4436264 4183401 4924377 0 0 0 0 
3600630 4803063 2041990 2092874 2421784 1744214 4699494 2615458 1902831 3344880 6202619 1576124 4153322 3804803 1012081 1691757 6277162 3605375 5098786 2120000 3425667 2615398 3927087 3978220 4863030 3198784 2230483 3990371 0 0 0 0 
4661888 5190783 1857185 1968485 3026575 1877154 4534101 2695532 2404990 3511563 7252279 1337847 5447334 4932613 1893953 1608983 6615917 4745157 5348052 2611782 4035298 2352385 3969237 3577891 4564518 3114626 2829826 4088948 0 0 0 0 
1632728 1405499 503252 549156 1009888 562774 1143682 959670 633353 910194 2003407 413936 1704106 1390659 755723 404751 1768732 1662979 1332176 809142 1276159 592276 1056451 1069338 930046 949514 921611 956625 0 0 0 0 
1789933 1363330 3207181 2728614 1263249 2310181 2689505 2169749 770322 1493398 3988359 2249135 1719313 962603 801501 1073818 4269529 2662613 2808311 1281427 3431222 2151037 2447145 3183414 1774045 2459793 2250691 1388234 0 0 0 0 
6372887 6737480 1426580 1855545 3966736 1678465 5501524 4105407 2339051 4184325 7452541 1537298 6468181 5468127 2196323 1921614 7273744 5888173 5777945 3032373 4256479 2738308 4707985 5123097 5143309 4246247 2896976 4702101 0 0 0 0 
7131916 5462985 4677669 4406954 4467084 3925469 6071976 5843053 2141085 4015976 9093896 3801804 6525533 4385452 3070135 2278260 9163591 7917748 6202372 3619194 7198706 4002629 5558600 7190494 3921349 5807338 4896463 3767337 0 0 0 0 
4103713 4016217 1790974 1896766 2565803 1597260 3847887 3238288 1246775 2650464 4834979 1699449 3801480 2855783 1352242 1391962 5106712 4031721 3763467 1966377 3308318 2231054 3311193 4168514 3137460 3304375 2172650 2792575 0 0 0 0 
5804588 5460000 2100399 2225869 3657235 2203314 4647315 3439420 2507861 3630821 7856162 1623187 6298554 5320204 2588218 1652734 7048255 5961236 5437152 3023932 4810045 2446287 4205900 4099721 4115758 3602260 3430739 3969083 0 0 0 0 
3842953 3810096 3978594 3576569 2600902 3085027 4832610 3410793 1815023 3126477 7154127 2842612 4095679 3138609 1539105 1831918 7252662 4682371 5251871 2419627 5133299 3254578 4281999 4896337 3987567 3911961 3418318 3318401 0 0 0 0 
5418458 4967057 3968010 3765176 3468530 3155976 5710552 4878040 1681283 3656010 7407915 3293518 4931292 3392495 1888791 2135289 7974434 5897907 5599974 2829752 5636209 3729194 4995403 6516538 4278256 5094144 3681051 3684203 0 0 0 0 
0 0 0 0 0 0 0 0 0 0 0 0 0 0 0 0 0 0 0 0 0 0 0 0 0 0 0 0 0 0 0 0 
0 0 0 0 0 0 0 0 0 0 0 0 0 0 0 0 0 0 0 0 0 0 0 0 0 0 0 0 0 0 0 0 
0 0 0 0 0 0 0 0 0 0 0 0 0 0 0 0 0 0 0 0 0 0 0 0 0 0 0 0 0 0 0 0 
0 0 0 0 0 0 0 0 0 0 0 0 0 0 0 0 0 0 0 0 0 0 0 0 0 0 0 0 0 0 0 0 
0 0 0 0 0 0 0 0 0 0 0 0 0 0 0 0 0 0 0 0 0 0 0 0 0 0 0 0 0 0 0 0 
0 0 0 0 0 0 0 0 0 0 0 0 0 0 0 0 0 0 0 0 0 0 0 0 0 0 0 0 0 0 0 0 
0 0 0 0 0 0 0 0 0 0 0 0 0 0 0 0 0 0 0 0 0 0 0 0 0 0 0 0 0 0 0 0 
0 0 0 0 0 0 0 0 0 0 0 0 0 0 0 0 0 0 0 0 0 0 0 0 0 0 0 0 0 0 0 0 
0 0 0 0 0 0 0 0 0 0 0 0 0 0 0 0 0 0 0 0 0 0 0 0 0 0 0 0 0 0 0 0 
0 0 0 0 0 0 0 0 0 0 0 0 0 0 0 0 0 0 0 0 0 0 0 0 0 0 0 0 0 0 0 0 
0 0 0 0 0 0 0 0 0 0 0 0 0 0 0 0 0 0 0 0 0 0 0 0 0 0 0 0 0 0 0 0 
0 0 0 0 0 0 0 0 0 0 0 0 0 0 0 0 0 0 0 0 0 0 0 0 0 0 0 0 0 0 0 0 
0 0 0 0 0 0 0 0 0 0 0 0 0 0 0 0 0 0 0 0 0 0 0 0 0 0 0 0 0 0 0 0 
0 0 0 0 0 0 0 0 0 0 0 0 0 0 0 0 0 0 0 0 0 0 0 0 0 0 0 0 0 0 0 0 
0 0 0 0 0 0 0 0 0 0 0 0 0 0 0 0 0 0 0 0 0 0 0 0 0 0 0 0 0 0 0 0 
0 0 0 0 0 0 0 0 0 0 0 0 0 0 0 0 0 0 0 0 0 0 0 0 0 0 0 0 0 0 0 0 
0 0 0 0 0 0 0 0 0 0 0 0 0 0 0 0 0 0 0 0 0 0 0 0 0 0 0 0 0 0 0 0 
0 0 0 0 0 0 0 0 0 0 0 0 0 0 0 0 0 0 0 0 0 0 0 0 0 0 0 0 0 0 0 0 
0 0 0 0 0 0 0 0 0 0 0 0 0 0 0 0 0 0 0 0 0 0 0 0 0 0 0 0 0 0 0 0 
0 0 0 0 0 0 0 0 0 0 0 0 0 0 0 0 0 0 0 0 0 0 0 0 0 0 0 0 0 0 0 0 
0 0 0 0 0 0 0 0 0 0 0 0 0 0 0 0 0 0 0 0 0 0 0 0 0 0 0 0 0 0 0 0 
